11 0.2315257435095217 0.33999696133620444 0.02401933337934896 0.05918025266112515
4 0.7669817894782281 0.3390052356020942 0.0221510986130896 0.06282722513089006
14 0.4495980796625534 0.5732984293193717 0.06852996133424603 0.1282722513089005
2 0.6311974769093903 0.7362747419693821 0.023444470667136345 0.06649562003251319
4 0.5953203324036208 0.7345955596453289 0.02486534767726589 0.06716729296213445
4 0.5599760167766499 0.7352672325749501 0.02379968991966898 0.06716729296213445
7 0.5235660433920819 0.7352672325749501 0.024154909172201186 0.06851063882137709
7 0.48697846038124765 0.7356030690397607 0.025575786182330803 0.06783896589175584
9 0.4505684869966796 0.7376180878286246 0.028772759455122098 0.06918231175099848
1 0.41415851361211153 0.7376180878286247 0.026286224687395433 0.06649562003251304
13 0.37739332097501105 0.8064645631148124 0.023089251414604134 0.2095619540418592
17 0.3408057379641768 0.8074720725092445 0.022378812909539435 0.20889028111223795
