14 0.21577793421033334 0.4842931937172774 0.08103450804405536 0.11780104712041883
2 0.8043524599969121 0.7905666186650053 0.029604561974151553 0.059003780175516454
2 0.7625199267725674 0.7919076136689941 0.028317407105709975 0.05989777684484267
3 0.7190784499626715 0.7932486086729834 0.03153529427681349 0.059003780175516454
4 0.6756369731527753 0.7905666186650053 0.02960456197415141 0.0607917735141686
4 0.6325172850599895 0.7914606153343314 0.029604561974151553 0.0607917735141686
5 0.5893975969672037 0.7905666186650053 0.028317407105710048 0.0607917735141686
7 0.5469214863086386 0.7914606153343314 0.028317407105710048 0.0607917735141686
7 0.5034800094987424 0.7905666186650053 0.030248139408371982 0.0607917735141686
0 0.4600385326888462 0.7923546120036573 0.03604033631635829 0.06079177351416845
0 0.4175624220302811 0.7919076136689944 0.03604033631635829 0.061685770183494526
0 0.37412094522038486 0.7923546120036573 0.03668391375057894 0.0625797668528206
10 0.33003589097626806 0.7910136169996684 0.030891716842592808 0.061685770183494665
12 0.28820335775192363 0.7919076136689944 0.03217887171103417 0.061685770183494526
11 0.24379651479069647 0.7914606153343314 0.0321788717110342 0.0607917735141686
9 0.20164219284924165 0.7928016103383204 0.03282244914525481 0.06347376352214668
1 0.15852250475645588 0.7905666186650053 0.028960984539930762 0.0607917735141686
17 0.11508102794655971 0.853146385517826 0.02703025223726872 0.18416331388115764
