15 0.9075546719681908 0.4502778303722637 0.051027170311464545 0.14023662259248745
9 0.4145129224652087 0.03801595190760201 0.01921802518223984 0.07265270809008383
6 0.3399602385685885 0.6175480187657125 0.022531477799867475 0.07603190381520405
6 0.3124585818422797 0.6158584209031526 0.021868787276341985 0.0794110995403242
7 0.2856196156394964 0.6175480187657126 0.022531477799867475 0.08279029526544442
7 0.2581179589131875 0.6158584209031526 0.021868787276341946 0.08279029526544435
8 0.2299536116633532 0.6167032198344325 0.022531477799867475 0.08110069740288431
8 0.20278330019880716 0.6150136219718725 0.022531477799867475 0.08110069740288424
16 0.4804506295559973 0.9275892265454889 0.08349900596421471 0.12165104610432649
14 0.709410205434062 0.6783735418178756 0.06693174287607771 0.18078697129392965
