1 0.4616180883884209 0.06268168247312378 0.01948783486600192 0.04425283513163742
10 0.5164276239490513 0.06120658796873586 0.02070582454512717 0.045236231467896036
8 0.5715416569294631 0.06169828613686518 0.020096829705564475 0.044252835131637414
14 0.6292987275135765 0.637434554973822 0.07074084056358715 0.1237505949547834
2 0.8544639131760077 0.7946024181217929 0.02699526336152587 0.05910721780667814
2 0.8169450725718531 0.7949718382330846 0.02608016968825382 0.05836837758409473
4 0.7805700990592883 0.7938635778992095 0.027452810198161898 0.060584898251844946
4 0.7439663521284058 0.7942329980105012 0.02562262285161765 0.05836837758409473
4 0.706218738105933 0.7946024181217929 0.02608016968825382 0.05910721780667814
6 0.6691574443384143 0.7949718382330847 0.025165076014981764 0.05689069713892764
8 0.6309522834793055 0.7946024181217929 0.027452810198162182 0.05910721780667814
8 0.5945773099667409 0.7946024181217929 0.025165076014981764 0.05910721780667814
0 0.5584311098724942 0.7938635778992097 0.03065563805461416 0.06354025914217899
0 0.5211410426866575 0.7949718382330847 0.03202827856452245 0.06132373847442864
10 0.48293588182754876 0.794602418121793 0.026080169688253888 0.06058489825184523
10 0.446560908314984 0.7953412583443762 0.026537716524889992 0.062062578697012184
12 0.4097283879657834 0.7938635778992095 0.027910357034797998 0.06501793958734624
11 0.37243832077994676 0.7949718382330847 0.027452810198161898 0.06132373847442864
9 0.33514825359410993 0.7953412583443764 0.02882545070807005 0.062062578697012184
1 0.2980869598265914 0.7968189387895436 0.026080169688253926 0.06058489825184509
1 0.2610256660590727 0.7964495186782518 0.025165076014981906 0.059846058029261684
1 0.224879465964826 0.7953412583443764 0.024249982341709747 0.062062578697012184
13 0.18638289434441924 0.8569158330743725 0.025577783261627473 0.18586190755287732
17 0.14923420913110302 0.8574075312425018 0.02557778326162753 0.18487851121661877
