14 0.7930881736799853 0.42277486910994766 0.06967316665973712 0.12565445026178013
17 0.22189856899148516 0.8352664328542927 0.02282128793252241 0.2062035893937525
13 0.2587929844823963 0.8335872505302393 0.02662483592127611 0.20284522474564567
1 0.29644810957105827 0.7664199575681049 0.02662483592127611 0.0698539846806196
9 0.3346737668580331 0.7677633034273477 0.027005190720151548 0.07119733053986238
9 0.3723288919466951 0.767427466962537 0.028526609915653013 0.07052565761024113
11 0.40960366223648165 0.767427466962537 0.03004802911115448 0.0664956200325129
12 0.44763914212401884 0.766419957568105 0.029287319513403746 0.06851063882137694
10 0.48377284801717935 0.7667557940329156 0.027005190720151475 0.06515227417327026
10 0.522188682703592 0.7657482846384837 0.026244481122400742 0.06716729296213429
0 0.5600339851916916 0.7667557940329155 0.03118909350778054 0.0664956200325129
8 0.5971185780820405 0.7650766117088622 0.025483771524649937 0.06582394710289165
7 0.6353442353690154 0.7660841211032943 0.027385545519026878 0.06380892831402761
7 0.6729993604576773 0.764404938779241 0.02586412632352534 0.06582394710289165
7 0.7105414452411781 0.7657394615428802 0.0262330704784344 0.06501793958734609
6 0.7482802483855928 0.7653330994204595 0.026233070478434543 0.06583066383218793
4 0.785558822223368 0.7653330994204594 0.02715352909171301 0.0690815608115551
4 0.8232976253677825 0.7657394615428802 0.02807398770499148 0.06664338807702976
