14 0.5072895957587806 0.25130066745017926 0.08813783962889339 0.24521380007249327
2 0.8538767395626243 0.5539049313694262 0.03247183565275009 0.12347645251877325
3 0.8071570576540756 0.5530353788868997 0.03445990722332667 0.1252155574838264
4 0.7577866136514249 0.5530353788868997 0.03379721669980114 0.1252155574838264
5 0.7100728959575878 0.5539049313694262 0.03379721669980114 0.12347645251877325
5 0.6626905235255136 0.5547744838519527 0.033134526176275755 0.1286937674139326
6 0.6139827700463883 0.5556440363344793 0.032471835652750226 0.12347645251877325
6 0.5649436713055003 0.5530353788868997 0.03379721669980114 0.1217373475537201
6 0.5182239893969516 0.5539049313694262 0.03445990722332674 0.12347645251877325
6 0.4701789264413519 0.5539049313694262 0.03247183565275016 0.12347645251877325
7 0.42312789927104044 0.5556440363344793 0.03379721669980121 0.13043287237898582
8 0.3747514910536779 0.5539049313694262 0.03379721669980121 0.12347645251877325
8 0.32538104705102716 0.5547744838519528 0.0344599072233267 0.1252155574838264
0 0.27866136514247847 0.5547744838519527 0.0404241219350563 0.13217197734403896
11 0.2299536116633532 0.558252693782059 0.03578528827037775 0.1321719773440389
1 0.1832339297548045 0.5573831412995325 0.03379721669980121 0.12695466244887946
1 0.13386348575215373 0.5573831412995325 0.033134526176275686 0.12695466244887946
13 0.08614976805831676 0.6869464611959917 0.031809145129224656 0.3860813022417978
