14 0.4221994148043578 0.47951023839120166 0.08948469647646498 0.15360488227510521
2 0.6474278457663081 0.6705004359290307 0.03741168101275946 0.07883425174965694
4 0.5988937731011067 0.6709067980514518 0.03538942798504266 0.07964697599449906
4 0.549348573922047 0.6705004359290307 0.03538942798504259 0.08045970023934089
7 0.49904502985759336 0.6725322465411354 0.034883864728113494 0.07314518203576434
7 0.44949983067853366 0.6709067980514516 0.03387273821425531 0.07802152750481511
1 0.39995463149947386 0.6729386086635563 0.03286161170039684 0.08208514872902427
13 0.3493983058065557 0.753398308902897 0.03286161170039669 0.24625544618707323
17 0.2990947617421022 0.7546173952701597 0.031344921929609235 0.24706817043191492
12 0.12131798745663538 0.20746073298429318 0.029311728513012572 0.0772251308900524
12 0.15958607745973513 0.20746073298429318 0.03419701659851464 0.0772251308900524
3 0.8215426130452691 0.20680628272251309 0.029311728513012555 0.07329842931937172
3 0.8602178103888275 0.20680628272251309 0.0301259431939296 0.07329842931937172
