1 0.16718504769054138 0.24579251378697017 0.03167050150391533 0.22706440718850907
12 0.21692956321741602 0.24393285196177053 0.03152052612992288 0.22602428414778877
12 0.26710872294776766 0.2446589933226234 0.03400650220216763 0.23202224252512138
10 0.31658818365192115 0.24229141941930585 0.032306177092059164 0.22413032951406278
10 0.36606764435607486 0.24229141941930593 0.032646242114080695 0.2146600339007926
10 0.4162272351042718 0.24150222811820007 0.031626047048015735 0.21623841650300435
0 0.4650265657643821 0.24229141941930593 0.039447542554514214 0.2241303295140629
0 0.5148460914905574 0.24308061072041182 0.040467737620579244 0.22255194691185118
17 0.06732669759582727 0.4799110218974624 0.03253208024579792 0.7074388684726656
13 0.11793215575595738 0.4771148208363056 0.03373697210675342 0.7130312705949791
8 0.5640433672747236 0.24083583116855764 0.03192963431532014 0.2236960848925425
8 0.6134439335738981 0.24223393169913598 0.030724742454364743 0.22089988383138576
7 0.662543276907834 0.2394377306379792 0.034941863967708854 0.22089988383138565
5 0.7125462891374863 0.2436320322297144 0.03373697210675346 0.21810368277022896
4 0.7628505243323775 0.24083583116855764 0.03192963431532021 0.2236960848925425
4 0.812552313596791 0.24363203222971436 0.03012229652388683 0.21810368277022887
2 0.8625553258264435 0.2394377306379792 0.030122296523886972 0.22089988383138565
