2 0.837972166998012 0.3896117877572112 0.031146454605699175 0.16342378939360228
4 0.7925778661365144 0.3931644788309852 0.03313452617627562 0.16105532867775302
5 0.7468522200132537 0.3931644788309852 0.03313452617627562 0.16105532867775302
5 0.700132538104705 0.3931644788309852 0.033797216699801284 0.1705291715411502
6 0.6547382372432073 0.39198024847306057 0.03313452617627562 0.15868686796190368
7 0.609012591119947 0.3896117877572112 0.03313452617627562 0.16342378939360228
8 0.56129887342611 0.3931644788309852 0.033134526176275755 0.16105532867775302
0 0.516235917826375 0.3931644788309852 0.04108681245858179 0.16105532867775302
0 0.4708416169648774 0.3907960181151359 0.03909874088800528 0.17052917154115022
10 0.4227965540092777 0.39434870918890985 0.033134526176275686 0.1634237893936023
10 0.3777335984095427 0.39553293954683455 0.03445990722332674 0.16105532867775296
12 0.33267064280980785 0.39553293954683455 0.03578528827037779 0.17526609297284884
11 0.2862823061630218 0.3931644788309852 0.03578528827037775 0.1657922501094516
11 0.23889993373094764 0.3931644788309852 0.03379721669980121 0.1657922501094516
9 0.19383697813121273 0.39434870918890985 0.03909874088800528 0.16816071082530087
1 0.1481113320079523 0.39553293954683455 0.03247183565275018 0.1752660929728488
17 0.10139165009940357 0.5613251896562861 0.02783300198807156 0.5021136717600534
